$ANSIBLE_VAULT;1.1;AES256
37666536643563613661623834656533303338383236613638653265643564303165303534653163
3532346134653338323166376430393637363532633066320a626165303734336362306137616266
30666563313732656465343233326335353932376438663432663938633838376562633735393262
6364646337386233390a373564656662393965363266393761323931383561626363323335353036
65363732373333616464666438363139363035393366633233653532356662616538353436326638
66326530376366346334343236353336386636313538653063376234373863646337613036396231
63316635356262643762353766636632616634333836633932623530646566366630613662663661
38646532626636306530626261353864323234666132623134343932306431366438393339333965
38306439643535376435666564353432666534333065626531353137663031353235383736376234
63353364353932383162343838623535303363633530366237653066663136386632333865323863
33396134366139366333623763323862366465636535616639356437383232363261623931366132
63386162306366623161343437386239326334633230633938656230383663383533393266636561
66656338353164356433343535336161613439633635343264356235346432386237666465663332
63373234366334343239353231373031323561363336653661363034616533653131636634656435
61656334623333313366323261646137623336363630376335366366393166626132393966633336
65646135376132646562323438633838636437633766346366313039663462633939326139356432
38316662383831366637636136376565626633636634346431623233646137366166333030643666
37373265656464656438313365353435653038633564306434656139316166333634663134336235
63646138636161343838383961346461316466376637316438643532646461663461396538363631
32393331666466313365346132373864383763356530626264316533633432306330633463636564
32363566353561326531643232643731373832383333663762356339653238616164376364343939
64393563653561633034623237343934663864666332366130653436393366326339353630326636
62343535386365396534656465333961393236383538333831306234643533613466653332303336
34356431363138626663313562336465393365313365366331303034663362366462356134323462
32396231343766633837613061393235393235623438633137656666316139356632313633393636
61376532666165383031343965366335323339313232666632336461666362653933343133306533
30393134346137306564663031306336623238663938653132646338633731323164393831393562
35356636623232633635626533366631663561373363333764386331633732303032303138396532
30316164386637363237326462633534636337323534383336626333393661303865343734316531
66393862396236623439373161313834326166646464373766633933623137346163666463396532
37363836616433633763663166613934626537343737303438663635663936376639636339613837
63396665393333663239646635363534323231343665376364653164323535383561313066353163
36303234363137323138393837653533343266613830663764666434633136666236656637643239
34623136666262613635306132623865636334626163383861613662643764666564383535396536
64326335346330363465326534373364333961626436633563363932666237306536393334303136
33333730666231313665386161663961666638616463323638666339393361396662323162366533
35383265343135633166383735333164303039613764323637646462373039333637316631363837
34376434313339663736613066356335316634303539663833663331616337363434376266343561
36323664623931653361393066663163313864316132653437353962616363343539386134336337
39383430363463633335653862303665366137396163323030646263346135376463306639343039
33643236303165613836633530306530333535653030346237323337386664613232663565366437
31393130636164663865356433333337316633663736633566396464343433323933353732393531
32336562343539633435363833346338323764303732326162633264373565373963656339313836
66653161313931626439343236383930346166306136643537666531353736376138303466356533
34623664356631313432343937656134393865623430303834646330663866633135396262653839
66336465363231313438623038383530376162396532303663303262373937366138396134633064
31356134656531306332653433643333386235336462386232313230616362646234363664343937
38316364306630623537336161303239636536663936643139313863663039613336613165623866
31353530656664336565646265343033303832316237393238313930373536626131386333353365
33643930623864656534613061396636323238353961646661636565643061303035336262363631
36623831383730366539363239303266666463316564373832333362383134383237353935653935
64383430336135393064366265366239373032366631633938343231646165373136633335613439
64326266323565356263346131376265343433636635653739316161626262643734646363373365
64316430373465303633633263633537366265373434313538333763666232623066656139636361
63633464376336646331366634363937306131613263323038353964353031313835633762663537
32366465383235383930386137636665643466343462376533653464306233613965303934306562
63396464353539633334623161326530366462636266323739613938393432373566303936613530
66613435316139343031656465373631343632626331386461336463306131666536613833346438
64373032323964386533663337383665333630393862633461666131336666313766666637636132
37613864656337616233643337623465633539663338663839366134323365396461613430663934
38363233393538333361356139333136623730313662303739336363633435366432343237386530
30636666653262343531343166356666313333306561376531326131626433363630623633653536
32613465346133316430373263633062636139373734356463306238646139613530396531356239
37656464383630316662656164346362376361346439306261373530623031623435613737653239
61633866363536333237363566653266643534326434366532333465313930343164613731626639
35333638643333653531343933396638373039316464363732633836316663396665653230356364
61333466363564643338353532316535343838653238383364346537656136303561353730313734
30656163393830313966343336346534353561393839393532646239666464376239376630303034
61356262653634376262353563353766393637323838643264633936323937303362356233326263
65643934316264393938623339663936306334356462623664663739386530643262323036663138
64366264306666623836633832613238316139626265393037386661383139346431323339323238
35306630653864313561643832613037616338353166623238643961653133343539633165366538
30336434643231303763363538613139383864646437343864613961333931646234313736363263
65626566376262663333616435376236393066623866363062343865306433353037656135623836
30393232353930373938373638343262633533356230383631656231343437336233346131613032
33343964633433353730326561646162333665656234383162633863346633383064643832356365
30626235393364313434303766633338613835373761653664373234616266303730616234363337
63383064633865313837363163653934336239313363353132373939363736633734666630643739
36656466356439336162306462653335313632656132356632373533393863346234383735656665
30653537363836313063313662383632396635393636326164613330376232326163323939396561
65613835313030643032333536396363313362383366633037666331363764383232363563376265
65653265646635313038356239613934343438396536353738646430383836626665646531333036
66363433363437646438623930633266336332393362366261336532343236363466663239363633
33663736366163373833306339303666376236363935353032306430623762393334363861323562
66396539633064383330373262643434663065656165633334613062656637343034313833373165
62663430343230326139646335333363666330373933356563376162636238346634356465323336
39616331333232316331643361356666346133393663623039663561666566663563336238383535
65343664356233643565373962613934363433663831646665323364613435646333363064393536
61623265303033396665663366393931663566333164376662353337663863303863316162306461
38343965313662616134643335336336316530626564383435663733376536663564303963613137
36346536653538316234306333366561303239613430666564646632623933306361303434323833
36313963303662306432393338383732633764663336346336353231613766396537343831383531
37623136303566323434353236666464636137303061643933333130383862636233326630616266
62616466353538313165656233323035363832646233393162346134383430353132356338626463
30326637366430323836393363386436363532313036626639626433616231346339656466383864
39323362303432313964623262316538363066356630663038373031336164623634616436653438
39336432393835366639616362663434323564323465353132356466373231303432333663313936
31663964663562373430376464653763383763616330636664303239376633613163363665343932
39373533323033303466616638376466613838336664656439316637366362323835616435386433
38633831666331383963616461343166303834343662666538363538323563666336363363336231
39373138386565646437653430336638663062356339663038663739333933313331326238623539
65613263663137333638666635353438383837303839313635343962643331656363363637653135
64643364353536306238636461333537666435326637343665626432663365303232316564396332
31623337613966393430363035366233386631623231636537633635356339653832613064653166
64326438633530396261663838373366336633623338643330643938376630356635316461623936
31653339343338303666316361323864366431326662653465396566346138313939373932393536
32343766643866316563376134333662366162356333396363343537313232313864303135393062
63663634353939653238666339666230633365636130626436633735333430343565646437353931
38376563316264373164613337623461613032396532656463613830613734356634663761636233
32373164373431653062663034353639346538373531646239666565343138616136666565373030
63646135306161653961326335643461316335346534356333373134363165636238616166396231
35616339306664386636633733393665646533353364306539333336653063366236336666313736
65663961346539356462373162656637623162383461656138306561373938663139366530623864
61303661643563633564656363633636323962633131366135363635383435366162336363386665
30636435643164346130316637633432663535663665306330333663396361323732653761356236
30656538366130393733633135353561616666396630373736336365666532373362383131386265
30326465393564323136656365313334643437306465333134623831363335333138366337393261
36653036353638363539303764643562633666306432313535333032346330613366383531663163
66386137356364643661626464333464653232633633623564396535656662356530316261636431
36353730356161663762313435323861313033363164366661333533633734643636613965343036
66616466663037393632353763626130636132303632653532663337623164396433383732386332
39333932316266626431383736626464366537633430633265633563633761346330666165363064
30623436306532396131373533623036353362616664643332306437356636616432663834313263
66623661353339323163356230333435376330303833663564623634376666623536343763346631
62313134363237346665353461353234323739626461376339356231333465316131316432323339
63623564323061616532646265376534323363303834623531383365373730336466616130663131
63646230306462356430663236303532343661616433326330323439653363396266643138653862
33356135313231363964323166633433623432323564303835396165333964306233323830393362
35376263353762633933653138313535376531663436373232303630366637306566303034323239
35343131616231396464616631653862663439363036633464326364633034386539633062376232
37666534623265636366346636633665333762336266356663643930646265383263396561343638
35613963363032636364376237323733636137653033653435663231336338613363306635376435
33326530393534366563373732623137656336343733316233366236646231333538373266386166
61376566363030396432343462336331623430373939616330613764336366303136613962653365
39376137663634353164663831306666333238666533663764653838336434383764303365326665
38386334346135323964333965653263633366623237646331383736616564373366333661303536
31383539356563636630343466626165343531383332316531323636373030636137623831643339
34363930393133343738376436323964643730366538373061353135396138316139343064393266
38646532356463323432333430626134333335306366353131306166363530643866633531323831
35303165363332336566636635623164656363333461353430393331383734306565633861336338
65306238633538363766316164366435626362613232616634326463363037633636663666616361
32613862663537623534633462363830323633353633383264653463376661653835396635336661
65303436336630636536303831323830376330333935313265663037643531333061393239336661
34393134376261623261646562336637653633336166353939656562393063383137376235653238
39626238613337323064353033323962333332643864656136323063666233383762373732303862
37336564666233396637343830356366373363663431373132303464326235306264656565333738
61633762346130336634663133343539613361313232643864376438626134616330343038666164
33626664616663306534636234393731656462353839396663643362313636646435323131353436
31326364383030343262376337613539323031623433313732316462383335653961346531613637
64306561336564346161636436656331616539626263373532666539313836353764613462343334
36613133623831393032323763386636303961323361666364633534663033303264616538346663
66663864653961336133663264363438353335623330613761653238623365376565623861623336
61633531623363316263623330356231346330623432333134666430626462306433646464663965
32336235623935616135383062336333366133336638663533643835343962366365623264643638
66386562303364303938303336396562633864323535363563303531343264383034646135336431
36373564643566643137343062323134373662626432306333333364363537653732646136616433
65643138333932653266363332656333323961623435333565313131646436373962333233613263
31646432303535613266363330396264353738376233376562656338376630663232366634623465
37353733666333623861346263333662396637313563396365613636633439373433396635613134
64646462303764343335303437316533346264653436386132623331396366333538353037363161
32666464326165393739383361343363663965373737383365323965313766653637363131373166
64376333646139653766643564353936643930363431656438353565333430333936306533356433
30323462653662306563656264326465613862376434623130663234366538303933646330333530
35333533303565666235653963303037633034383533396463643764306332373933613431326336
30333735376539633865323631356437353865643463313735333335323838366636646639396537
32333161343364623266643030303630616631323738333131366563336664333962393965313866
32626433346564653930333961616262396332643031303330323238383165623736633630666133
33646136343530363234616432323532666639396538373165346139386436383962616561613032
38653035336339326436663338663066393462646337336661656235326139616335313363313466
63393361636135656537393931643933663066383937313565616466343363316131343433646533
61336465383039626436333033353832653266323961333863376565613239613539346232356635
34623233623665383665323764386631333461383362316533623936373834646336663964303733
6665
